2024-06-06 17:55:53 BST
1717692953868495000

 373269000 0
 1563128000 0
 2569757000 0
 2788978000 0
 3821306000 0
 6795406000 0
 6938693000 0
 14519288000 0
 15261400000 0
 16060299000 0
 17449946000 0
 17991863000 0
 18408489000 0
 23630413000 0
 24153222000 0
 24624535000 0
 25162481000 0
 27726777000 0
 28801748000 0
 33748251000 0
 34008533000 0
 38026213000 0
 38089102000 0
 38195461000 0
 38271319000 0
 39743030000 0
 42690106000 0
 43581196000 0
 46928378000 0
 49670206000 0
 51203645000 0
 53423541000 0
 56760862000 0
 63835237000 0
 66113026000 0
 66831682000 0
 69496170000 0
 69603705000 0
 69789932000 0
 70114488000 0
 71501535000 0
 72187998000 0
 76532251000 0
 80636154000 0
 82749443000 0
 83515039000 0
 84275640000 0
 89325863000 0
 91074755000 0
 93746594000 0
 98106645000 0
 103326757000 0
 111241012000 0
 113963187000 0
 115347196000 0
 116335927000 0
 116696653000 0
 119571797000 0
 122491543000 0
 127073298000 0
 127515757000 0
 127534009000 0
 127730168000 0
 134242839000 0
 134293471000 0
 138921428000 0
 140799753000 0
 144339830000 0
 145754330000 0
 145774970000 0
 149994212000 0
 150453027000 0
 161032951000 0
 166377361000 0
 172949689000 0
 175093624000 0
 177310964000 0
 179441375000 0
 179993427000 0
 184424453000 0
 185611739000 0
 185777862000 0
 186248601000 0
 187878402000 0
 193429069000 0
 198324749000 0
 210971383000 0
 211314799000 0
 212500214000 0
 213025430000 0
 216165549000 0
 222296160000 0
 223116055000 0
 224743394000 0
 227829276000 0
 231047682000 0
 231496807000 0
 231883099000 0
 234413745000 0
 236559693000 0
 244208249000 0
 245406901000 0
 248927840000 0
 251452295000 0
 251589265000 0
 251937024000 0
 252460314000 0
 253358161000 0
 255359921000 0
 256515656000 0
 259496693000 0
 259599459000 0
 270797811000 0
 278020570000 0
 283818798000 0
 283916476000 0
 285706245000 0
 287786747000 0
 291512470000 0
 291853800000 0
 292856250000 0
 298126053000 0
 303352365000 0
 303462908000 0
 305839961000 0
 306565258000 0
 308291161000 0
 310499295000 0
 311175005000 0
 312521412000 0
 316897860000 0
 317043806000 0
 320585729000 0
 321870234000 0
 323112468000 0
 324047591000 0
 326879745000 0
 327063079000 0
 330111106000 0
 332849649000 0
 338827558000 0
 339016837000 0
 340697481000 0
 341234686000 0
 341299166000 0
 344089499000 0
 351353624000 0
 351885839000 0
 351988056000 0
 354549288000 0
 357505539000 0
 357770926000 0
 358646665000 0
 359594118000 0
 361382117000 0
 361925349000 0
 365048721000 0
 366841645000 0
 371038297000 0
 371476305000 0
 379586700000 0
 379721156000 0
 381921041000 0
 382033721000 0
 382697525000 0
 387226943000 0
 389673749000 0
 390327977000 0
 393104731000 0
 394311313000 0
 394792240000 0
 399452394000 0
 401849246000 0
 403214728000 0
 403654970000 0
 405952317000 0
 409055969000 0
 413913779000 0
 419740893000 0
 419750333000 0
 420608589000 0
 420981365000 0
 421077609000 0
 422563003000 0
 423546808000 0
 432586560000 0
 433925532000 0
 437088235000 0
 446970724000 0
 450749700000 0
 452060123000 0
 452202991000 0
 456238489000 0
 456243321000 0
 457572254000 0
 458858972000 0
 459382752000 0
 466666483000 0
 467747455000 0
 467863916000 0
 470018961000 0
 470570136000 0
 479009430000 0
 481850700000 0
 488137817000 0
 488660949000 0
 490771944000 0
 491252648000 0
 491397847000 0
 492400686000 0
 493729994000 0
 495111788000 0
 498634107000 0
 503844090000 0
 508844447000 0
 509086916000 0
 514508348000 0
 514641703000 0
 517419277000 0
 518611606000 0
 518679250000 0
 521525980000 0
 522264615000 0
 537620463000 0
 549268964000 0
 549272601000 0
 552169016000 0
 552341652000 0
 552405556000 0
 555070958000 0
 556240387000 0
 560490620000 0
 563409226000 0
 569304385000 0
 570607287000 0
 576805354000 0
 578778015000 0
 579428935000 0
 580239653000 0
 581985749000 0
 582770845000 0
 588513286000 0
 588943627000 0
 589670248000 0
 592200765000 0
 601794232000 0
 609026268000 0
 611661130000 0
 613437849000 0
 614659297000 0
 619742399000 0
 620137663000 0
 621608380000 0
 623165766000 0
 624487471000 0
 629385757000 0
 631804349000 0
 633245335000 0
 635376918000 0
 635796397000 0
 639041421000 0
 639662744000 0
 641655519000 0
 648981400000 0
 649186362000 0
 651392794000 0
 654407321000 0
 656900921000 0
 659439806000 0
 660169416000 0
 661779693000 0
 662893774000 0
 664162350000 0
 664823932000 0
 665467029000 0
 666821418000 0
 671657323000 0
 673073453000 0
 676753679000 0
 677684309000 0
 677848025000 0
 679598964000 0
 680413783000 0
 684253170000 0
 697152577000 0
 712494792000 0
 721892546000 0
 722543506000 0
 723228814000 0
 726059125000 0
 727763957000 0
 728025669000 0
 729973790000 0
 730662464000 0
 730713447000 0
 731042501000 0
 734965565000 0
 742828983000 0
 745880358000 0
 750608311000 0
 752203114000 0
 756877531000 0
 757142621000 0
 757932441000 0
 758275310000 0
 761733731000 0
 762399532000 0
 770980321000 0
 784301983000 0
 784829886000 0
 791290564000 0
 793506130000 0
 794204335000 0
 794425988000 0
 803638102000 0
 807857793000 0
 807933683000 0
 812039051000 0
 815842241000 0
 819174563000 0
 827016875000 0
 829200620000 0
 829239803000 0
 834427529000 0
 836044248000 0
 839014451000 0
 839039073000 0
 843093288000 0
 843614138000 0
 844285145000 0
 844616647000 0
 845046654000 0
 847171488000 0
 847240667000 0
 848068205000 0
 848230633000 0
 856421357000 0
